0.0000000 0.0309410 -0.0534220
0.0000000 0.0344460 -0.0537380
0.0000000 0.0318970 -0.0531070
0.0000000 0.0325350 -0.0534220
0.0000000 0.0325350 -0.0534220
0.0000000 0.0287110 -0.0537380
0.0000000 0.0322160 -0.0540540
0.0000000 0.0341280 -0.0537380
0.0000000 0.0290300 -0.0534220
0.0000000 0.0283920 -0.0540540
0.0000000 0.0325350 -0.0531070
0.0000000 0.0331720 -0.0540540
0.0000000 0.0287110 -0.0534220
0.0000000 0.0312600 -0.0534220
0.0000000 0.0331720 -0.0531070
0.0000000 0.0296670 -0.0531070
0.0000000 0.0306230 -0.0534220
0.0000000 0.0350840 -0.0537380
0.0000000 0.0334910 -0.0534220
0.0000000 0.0325350 -0.0540540
0.0000000 0.0318970 -0.0527910
0.0000000 0.0296670 -0.0540540
0.0000000 0.0312600 -0.0534220
0.0000000 0.0325350 -0.0531070
0.0000000 0.0331720 -0.0540540
0.0000000 0.0325350 -0.0534220
0.0000000 0.0338090 -0.0524750
0.0000000 0.0334910 -0.0534220
0.0000000 0.0341280 -0.0531070
0.0000000 0.0299850 -0.0527910
0.0000000 0.0331720 -0.0531070
0.0000000 0.0328530 -0.0540540
0.0000000 0.0303040 -0.0531070
0.0000000 0.0328530 -0.0531070
0.0000000 0.0306230 -0.0524750
0.0000000 0.0331720 -0.0537380
0.0000000 0.0338090 -0.0527910
0.0000000 0.0325350 -0.0531070
0.0000000 0.0318970 -0.0524750
0.0000000 0.0306230 -0.0531070
0.0000000 0.0287110 -0.0527910
0.0000000 0.0331720 -0.0527910
0.0000000 0.0315790 -0.0527910
0.0000000 0.0334910 -0.0531070
0.0000000 0.0331720 -0.0524750
0.0000000 0.0363580 -0.0527910
0.0000000 0.0344460 -0.0534220
0.0000000 0.0334910 -0.0527910
0.0000000 0.0338090 -0.0521590
0.0000000 0.0328530 -0.0521590
0.0000000 0.0309410 -0.0524750
0.0000000 0.0341280 -0.0531070
0.0000000 0.0338090 -0.0527910
0.0000000 0.0328530 -0.0527910
0.0000000 0.0328530 -0.0527910
0.0000000 0.0379520 -0.0521590
0.0000000 0.0341280 -0.0521590
0.0000000 0.0347650 -0.0531070
0.0000000 0.0344460 -0.0518430
0.0000000 0.0325350 -0.0527910
0.0000000 0.0360400 -0.0521590
0.0000000 0.0344460 -0.0524750
0.0000000 0.0344460 -0.0521590
0.0000000 0.0363580 -0.0524750
0.0000000 0.0334910 -0.0527910
0.0000000 0.0354020 -0.0518430
0.0000000 0.0354020 -0.0518430
0.0000000 0.0338090 -0.0524750
0.0000000 0.0350840 -0.0521590
0.0000000 0.0338090 -0.0524750
0.0000000 0.0350840 -0.0518430
0.0000000 0.0325350 -0.0521590
0.0000000 0.0344460 -0.0521590
0.0000000 0.0357210 -0.0518430
0.0000000 0.0354020 -0.0521590
0.0000000 0.0312600 -0.0518430
0.0000000 0.0347650 -0.0515270
0.0000000 0.0325350 -0.0518430
0.0000000 0.0366770 -0.0512110
0.0000000 0.0325350 -0.0521590
0.0000000 0.0341280 -0.0515270
0.0000000 0.0392260 -0.0515270
0.0000000 0.0325350 -0.0515270
0.0000000 0.0366770 -0.0508950
0.0000000 0.0350840 -0.0527910
0.0000000 0.0331720 -0.0515270
0.0000000 0.0366770 -0.0515270
0.0000000 0.0325350 -0.0515270
0.0000000 0.0357210 -0.0518430
0.0000000 0.0334910 -0.0518430
0.0000000 0.0341280 -0.0518430
0.0000000 0.0357210 -0.0518430
0.0000000 0.0360400 -0.0524750
0.0000000 0.0354020 -0.0515270
0.0000000 0.0325350 -0.0515270
0.0000000 0.0306230 -0.0512110
0.0000000 0.0360400 -0.0518430
0.0000000 0.0341280 -0.0512110
0.0000000 0.0360400 -0.0508950
0.0000000 0.0341280 -0.0521590
0.0000000 0.0354020 -0.0508950
0.0000000 0.0360400 -0.0518430
0.0000000 0.0363580 -0.0518430
0.0000000 0.0344460 -0.0512110
0.0000000 0.0350840 -0.0512110
0.0000000 0.0338090 -0.0518430
0.0000000 0.0350840 -0.0512110
0.0000000 0.0350840 -0.0518430
0.0000000 0.0360400 -0.0508950
0.0000000 0.0360400 -0.0508950
0.0000000 0.0318970 -0.0508950
0.0000000 0.0354020 -0.0512110
0.0000000 0.0328530 -0.0508950
0.0000000 0.0315790 -0.0512110
0.0000000 0.0382700 -0.0518430
0.0000000 0.0357210 -0.0508950
0.0000000 0.0338090 -0.0508950
0.0000000 0.0354020 -0.0521590
0.0000000 0.0379520 -0.0512110
0.0000000 0.0350840 -0.0505800
0.0000000 0.0341280 -0.0508950
0.0000000 0.0373140 -0.0512110
0.0000000 0.0338090 -0.0512110
0.0000000 0.0334910 -0.0512110
0.0000000 0.0338090 -0.0515270
0.0000000 0.0369960 -0.0515270
0.0000000 0.0344460 -0.0499480
0.0000000 0.0328530 -0.0512110
0.0000000 0.0366770 -0.0505800
0.0000000 0.0331720 -0.0508950
0.0000000 0.0363580 -0.0512110
0.0000000 0.0354020 -0.0512110
0.0000000 0.0357210 -0.0512110
0.0000000 0.0318970 -0.0512110
0.0000000 0.0385890 -0.0505800
0.0000000 0.0347650 -0.0505800
0.0000000 0.0347650 -0.0505800
0.0000000 0.0331720 -0.0505800
0.0000000 0.0344460 -0.0508950
0.0000000 0.0360400 -0.0508950
0.0000000 0.0341280 -0.0515270
0.0000000 0.0360400 -0.0515270
0.0000000 0.0334910 -0.0505800
0.0000000 0.0382700 -0.0502640
0.0000000 0.0354020 -0.0505800
0.0000000 0.0392260 -0.0505800
0.0000000 0.0322160 -0.0499480
0.0000000 0.0322160 -0.0508950
0.0000000 0.0344460 -0.0508950
0.0000000 0.0350840 -0.0508950
0.0000000 0.0350840 -0.0508950
0.0000000 0.0385890 -0.0508950
0.0000000 0.0318970 -0.0505800
0.0000000 0.0354020 -0.0505800
0.0000000 0.0334910 -0.0508950
0.0000000 0.0350840 -0.0505800
0.0000000 0.0338090 -0.0512110
0.0000000 0.0344460 -0.0508950
0.0000000 0.0369960 -0.0505800
0.0000000 0.0344460 -0.0502640
0.0000000 0.0360400 -0.0505800
0.0000000 0.0363580 -0.0499480
0.0000000 0.0373140 -0.0508950
0.0000000 0.0363580 -0.0502640
0.0000000 0.0354020 -0.0502640
0.0000000 0.0325350 -0.0502640
0.0000000 0.0331720 -0.0508950
0.0000000 0.0363580 -0.0505800
0.0000000 0.0424130 -0.0499480
0.0000000 0.0366770 -0.0502640
0.0000000 0.0331720 -0.0502640
0.0000000 0.0338090 -0.0512110
0.0000000 0.0334910 -0.0505800
0.0000000 0.0338090 -0.0505800
0.0000000 0.0363580 -0.0505800
0.0000000 0.0338090 -0.0505800
0.0000000 0.0338090 -0.0508950
0.0000000 0.0338090 -0.0512110
0.0000000 0.0344460 -0.0505800
0.0000000 0.0334910 -0.0505800
0.0000000 0.0309410 -0.0505800
0.0000000 0.0334910 -0.0515270
0.0000000 0.0338090 -0.0508950
0.0000000 0.0350840 -0.0499480
0.0000000 0.0347650 -0.0502640
0.0000000 0.0334910 -0.0518430
0.0000000 0.0350840 -0.0505800
0.0000000 0.0338090 -0.0505800
0.0000000 0.0328530 -0.0518430
0.0000000 0.0341280 -0.0512110
0.0000000 0.0344460 -0.0512110
0.0000000 0.0306230 -0.0512110
0.0000000 0.0312600 -0.0508950
0.0000000 0.0334910 -0.0512110
