0.0000000 0.0771450 -0.0758500
0.0000000 0.0774630 -0.0755340
0.0000000 0.0710900 -0.0761660
0.0000000 0.0745960 -0.0755340
0.0000000 0.0771450 -0.0758500
0.0000000 0.0749140 -0.0758500
0.0000000 0.0710900 -0.0758500
0.0000000 0.0745960 -0.0755340
0.0000000 0.0765070 -0.0752180
0.0000000 0.0758700 -0.0755340
0.0000000 0.0739580 -0.0758500
0.0000000 0.0717280 -0.0771140
0.0000000 0.0739580 -0.0758500
0.0000000 0.0749140 -0.0761660
0.0000000 0.0755510 -0.0761660
0.0000000 0.0758700 -0.0752180
0.0000000 0.0758700 -0.0758500
0.0000000 0.0749140 -0.0761660
0.0000000 0.0749140 -0.0758500
0.0000000 0.0768260 -0.0767980
0.0000000 0.0745960 -0.0758500
0.0000000 0.0761890 -0.0758500
0.0000000 0.0784190 -0.0758500
0.0000000 0.0765070 -0.0758500
0.0000000 0.0755510 -0.0761660
0.0000000 0.0774630 -0.0758500
0.0000000 0.0739580 -0.0761660
0.0000000 0.0774630 -0.0758500
0.0000000 0.0758700 -0.0758500
0.0000000 0.0745960 -0.0758500
0.0000000 0.0742770 -0.0758500
0.0000000 0.0739580 -0.0771140
0.0000000 0.0771450 -0.0755340
0.0000000 0.0733210 -0.0767980
0.0000000 0.0771450 -0.0761660
0.0000000 0.0745960 -0.0755340
0.0000000 0.0758700 -0.0761660
0.0000000 0.0771450 -0.0761660
0.0000000 0.0755510 -0.0755340
0.0000000 0.0736400 -0.0761660
0.0000000 0.0774630 -0.0764820
0.0000000 0.0749140 -0.0761660
0.0000000 0.0755510 -0.0764820
0.0000000 0.0771450 -0.0758500
0.0000000 0.0745960 -0.0761660
0.0000000 0.0717280 -0.0761660
0.0000000 0.0723650 -0.0764820
0.0000000 0.0736400 -0.0761660
0.0000000 0.0694970 -0.0761660
0.0000000 0.0742770 -0.0755340
0.0000000 0.0777820 -0.0758500
0.0000000 0.0720460 -0.0761660
0.0000000 0.0771450 -0.0758500
0.0000000 0.0761890 -0.0764820
0.0000000 0.0742770 -0.0764820
0.0000000 0.0774630 -0.0755340
0.0000000 0.0774630 -0.0758500
0.0000000 0.0761890 -0.0758500
0.0000000 0.0765070 -0.0761660
0.0000000 0.0742770 -0.0761660
0.0000000 0.0758700 -0.0767980
0.0000000 0.0726840 -0.0758500
0.0000000 0.0758700 -0.0761660
0.0000000 0.0694970 -0.0758500
0.0000000 0.0742770 -0.0761660
0.0000000 0.0723650 -0.0758500
0.0000000 0.0739580 -0.0767980
0.0000000 0.0742770 -0.0761660
0.0000000 0.0777820 -0.0767980
0.0000000 0.0761890 -0.0758500
0.0000000 0.0752330 -0.0761660
0.0000000 0.0723650 -0.0761660
0.0000000 0.0758700 -0.0758500
0.0000000 0.0698160 -0.0767980
0.0000000 0.0745960 -0.0764820
0.0000000 0.0742770 -0.0771140
0.0000000 0.0733210 -0.0764820
0.0000000 0.0774630 -0.0758500
0.0000000 0.0749140 -0.0764820
0.0000000 0.0720460 -0.0758500
0.0000000 0.0730020 -0.0771140
0.0000000 0.0758700 -0.0761660
0.0000000 0.0765070 -0.0767980
0.0000000 0.0742770 -0.0771140
0.0000000 0.0784190 -0.0764820
0.0000000 0.0752330 -0.0767980
0.0000000 0.0755510 -0.0761660
0.0000000 0.0733210 -0.0761660
0.0000000 0.0730020 -0.0761660
0.0000000 0.0739580 -0.0771140
0.0000000 0.0752330 -0.0758500
0.0000000 0.0726840 -0.0764820
0.0000000 0.0714090 -0.0758500
0.0000000 0.0730020 -0.0761660
0.0000000 0.0688600 -0.0758500
0.0000000 0.0733210 -0.0767980
0.0000000 0.0745960 -0.0767980
0.0000000 0.0739580 -0.0761660
0.0000000 0.0742770 -0.0764820
0.0000000 0.0768260 -0.0761660
0.0000000 0.0736400 -0.0767980
0.0000000 0.0765070 -0.0767980
0.0000000 0.0730020 -0.0764820
0.0000000 0.0736400 -0.0771140
0.0000000 0.0761890 -0.0764820
0.0000000 0.0752330 -0.0755340
0.0000000 0.0714090 -0.0761660
0.0000000 0.0710900 -0.0764820
0.0000000 0.0736400 -0.0761660
0.0000000 0.0720460 -0.0764820
0.0000000 0.0723650 -0.0761660
0.0000000 0.0710900 -0.0767980
0.0000000 0.0717280 -0.0761660
0.0000000 0.0730020 -0.0767980
0.0000000 0.0768260 -0.0761660
0.0000000 0.0749140 -0.0761660
0.0000000 0.0733210 -0.0761660
0.0000000 0.0768260 -0.0767980
0.0000000 0.0733210 -0.0771140
0.0000000 0.0742770 -0.0767980
0.0000000 0.0717280 -0.0764820
0.0000000 0.0720460 -0.0767980
0.0000000 0.0771450 -0.0761660
0.0000000 0.0694970 -0.0764820
0.0000000 0.0714090 -0.0764820
0.0000000 0.0739580 -0.0767980
0.0000000 0.0714090 -0.0764820
0.0000000 0.0745960 -0.0764820
0.0000000 0.0765070 -0.0758500
0.0000000 0.0726840 -0.0761660
0.0000000 0.0749140 -0.0764820
0.0000000 0.0733210 -0.0764820
0.0000000 0.0714090 -0.0771140
0.0000000 0.0710900 -0.0771140
0.0000000 0.0749140 -0.0758500
0.0000000 0.0742770 -0.0764820
0.0000000 0.0758700 -0.0767980
0.0000000 0.0733210 -0.0764820
0.0000000 0.0675850 -0.0771140
0.0000000 0.0701350 -0.0764820
0.0000000 0.0720460 -0.0767980
0.0000000 0.0714090 -0.0771140
0.0000000 0.0733210 -0.0761660
0.0000000 0.0720460 -0.0767980
0.0000000 0.0720460 -0.0761660
0.0000000 0.0745960 -0.0774290
0.0000000 0.0736400 -0.0767980
0.0000000 0.0752330 -0.0764820
0.0000000 0.0733210 -0.0767980
0.0000000 0.0752330 -0.0767980
0.0000000 0.0717280 -0.0764820
0.0000000 0.0701350 -0.0761660
0.0000000 0.0710900 -0.0767980
0.0000000 0.0714090 -0.0771140
0.0000000 0.0707720 -0.0767980
0.0000000 0.0730020 -0.0764820
0.0000000 0.0723650 -0.0761660
0.0000000 0.0701350 -0.0761660
0.0000000 0.0698160 -0.0767980
0.0000000 0.0733210 -0.0771140
0.0000000 0.0739580 -0.0767980
0.0000000 0.0682230 -0.0771140
0.0000000 0.0752330 -0.0767980
0.0000000 0.0739580 -0.0764820
0.0000000 0.0720460 -0.0761660
0.0000000 0.0710900 -0.0764820
0.0000000 0.0726840 -0.0767980
0.0000000 0.0714090 -0.0771140
0.0000000 0.0720460 -0.0771140
0.0000000 0.0739580 -0.0771140
0.0000000 0.0765070 -0.0764820
0.0000000 0.0679040 -0.0761660
0.0000000 0.0749140 -0.0761660
0.0000000 0.0733210 -0.0767980
0.0000000 0.0704530 -0.0764820
0.0000000 0.0694970 -0.0774290
0.0000000 0.0698160 -0.0771140
0.0000000 0.0723650 -0.0758500
0.0000000 0.0691790 -0.0767980
0.0000000 0.0752330 -0.0764820
0.0000000 0.0720460 -0.0771140
0.0000000 0.0704530 -0.0771140
0.0000000 0.0749140 -0.0764820
0.0000000 0.0682230 -0.0771140
0.0000000 0.0726840 -0.0764820
0.0000000 0.0730020 -0.0761660
0.0000000 0.0742770 -0.0764820
0.0000000 0.0726840 -0.0771140
0.0000000 0.0704530 -0.0774290
0.0000000 0.0749140 -0.0767980
0.0000000 0.0717280 -0.0767980
0.0000000 0.0704530 -0.0767980
0.0000000 0.0761890 -0.0764820
0.0000000 0.0714090 -0.0764820
0.0000000 0.0749140 -0.0767980
0.0000000 0.0714090 -0.0764820
0.0000000 0.0701350 -0.0771140
0.0000000 0.0698160 -0.0771140
0.0000000 0.0691790 -0.0767980
0.0000000 0.0717280 -0.0767980
0.0000000 0.0749140 -0.0758500
0.0000000 0.0704530 -0.0767980
0.0000000 0.0720460 -0.0771140
0.0000000 0.0720460 -0.0771140
0.0000000 0.0739580 -0.0764820
0.0000000 0.0701350 -0.0767980
0.0000000 0.0733210 -0.0771140
0.0000000 0.0733210 -0.0771140
0.0000000 0.0691790 -0.0761660
0.0000000 0.0717280 -0.0767980
0.0000000 0.0714090 -0.0764820
0.0000000 0.0717280 -0.0771140
0.0000000 0.0714090 -0.0774290
0.0000000 0.0704530 -0.0771140
0.0000000 0.0720460 -0.0774290
0.0000000 0.0704530 -0.0767980
0.0000000 0.0675850 -0.0771140
0.0000000 0.0726840 -0.0774290
0.0000000 0.0723650 -0.0771140
0.0000000 0.0720460 -0.0771140
0.0000000 0.0720460 -0.0764820
0.0000000 0.0723650 -0.0767980
0.0000000 0.0720460 -0.0764820
0.0000000 0.0717280 -0.0764820
0.0000000 0.0714090 -0.0767980
0.0000000 0.0675850 -0.0777450
0.0000000 0.0730020 -0.0771140
0.0000000 0.0698160 -0.0761660
0.0000000 0.0679040 -0.0771140
0.0000000 0.0733210 -0.0767980
0.0000000 0.0733210 -0.0771140
0.0000000 0.0714090 -0.0771140
0.0000000 0.0749140 -0.0764820
0.0000000 0.0730020 -0.0774290
0.0000000 0.0733210 -0.0761660
0.0000000 0.0704530 -0.0767980
0.0000000 0.0694970 -0.0771140
0.0000000 0.0694970 -0.0771140
0.0000000 0.0691790 -0.0774290
0.0000000 0.0730020 -0.0771140
0.0000000 0.0704530 -0.0767980
0.0000000 0.0672670 -0.0767980
0.0000000 0.0704530 -0.0771140
0.0000000 0.0723650 -0.0767980
0.0000000 0.0714090 -0.0771140
0.0000000 0.0704530 -0.0767980
0.0000000 0.0739580 -0.0771140
0.0000000 0.0694970 -0.0771140
0.0000000 0.0733210 -0.0767980
0.0000000 0.0730020 -0.0764820
0.0000000 0.0745960 -0.0767980
0.0000000 0.0691790 -0.0767980
0.0000000 0.0694970 -0.0771140
0.0000000 0.0768260 -0.0774290
0.0000000 0.0726840 -0.0774290
0.0000000 0.0736400 -0.0764820
0.0000000 0.0691790 -0.0767980
0.0000000 0.0688600 -0.0764820
0.0000000 0.0733210 -0.0764820
0.0000000 0.0653550 -0.0774290
0.0000000 0.0694970 -0.0771140
0.0000000 0.0714090 -0.0774290
0.0000000 0.0704530 -0.0767980
0.0000000 0.0726840 -0.0771140
0.0000000 0.0682230 -0.0771140
0.0000000 0.0698160 -0.0764820
0.0000000 0.0698160 -0.0771140
0.0000000 0.0707720 -0.0764820
0.0000000 0.0685410 -0.0774290
0.0000000 0.0685410 -0.0764820
0.0000000 0.0679040 -0.0771140
0.0000000 0.0694970 -0.0771140
0.0000000 0.0675850 -0.0767980
0.0000000 0.0733210 -0.0771140
0.0000000 0.0701350 -0.0767980
0.0000000 0.0704530 -0.0771140
0.0000000 0.0707720 -0.0767980
0.0000000 0.0707720 -0.0761660
0.0000000 0.0694970 -0.0771140
0.0000000 0.0749140 -0.0774290
0.0000000 0.0710900 -0.0771140
0.0000000 0.0704530 -0.0777450
0.0000000 0.0714090 -0.0767980
0.0000000 0.0701350 -0.0767980
0.0000000 0.0691790 -0.0767980
0.0000000 0.0694970 -0.0771140
0.0000000 0.0669480 -0.0774290
0.0000000 0.0720460 -0.0771140
0.0000000 0.0694970 -0.0771140
0.0000000 0.0710900 -0.0783770
0.0000000 0.0720460 -0.0767980
0.0000000 0.0704530 -0.0767980
0.0000000 0.0710900 -0.0764820
0.0000000 0.0745960 -0.0771140
0.0000000 0.0675850 -0.0774290
0.0000000 0.0685410 -0.0771140
0.0000000 0.0710900 -0.0774290
0.0000000 0.0720460 -0.0761660
0.0000000 0.0707720 -0.0767980
0.0000000 0.0733210 -0.0774290
0.0000000 0.0752330 -0.0764820
0.0000000 0.0675850 -0.0774290
0.0000000 0.0710900 -0.0771140
0.0000000 0.0733210 -0.0771140
0.0000000 0.0698160 -0.0767980
0.0000000 0.0685410 -0.0774290
0.0000000 0.0707720 -0.0771140
0.0000000 0.0723650 -0.0774290
0.0000000 0.0666290 -0.0771140
0.0000000 0.0656740 -0.0774290
0.0000000 0.0714090 -0.0771140
0.0000000 0.0717280 -0.0767980
0.0000000 0.0672670 -0.0761660
0.0000000 0.0755510 -0.0767980
0.0000000 0.0682230 -0.0777450
0.0000000 0.0694970 -0.0774290
0.0000000 0.0701350 -0.0777450
0.0000000 0.0685410 -0.0771140
0.0000000 0.0723650 -0.0771140
0.0000000 0.0688600 -0.0771140
0.0000000 0.0733210 -0.0767980
0.0000000 0.0698160 -0.0771140
0.0000000 0.0714090 -0.0771140
0.0000000 0.0698160 -0.0774290
0.0000000 0.0694970 -0.0771140
0.0000000 0.0698160 -0.0771140
0.0000000 0.0720460 -0.0774290
0.0000000 0.0742770 -0.0771140
0.0000000 0.0672670 -0.0771140
0.0000000 0.0717280 -0.0771140
0.0000000 0.0698160 -0.0774290
0.0000000 0.0685410 -0.0771140
0.0000000 0.0704530 -0.0774290
0.0000000 0.0726840 -0.0774290
0.0000000 0.0710900 -0.0771140
0.0000000 0.0710900 -0.0774290
0.0000000 0.0698160 -0.0767980
0.0000000 0.0679040 -0.0774290
0.0000000 0.0717280 -0.0771140
0.0000000 0.0704530 -0.0767980
0.0000000 0.0691790 -0.0777450
0.0000000 0.0698160 -0.0767980
0.0000000 0.0704530 -0.0774290
0.0000000 0.0730020 -0.0771140
0.0000000 0.0672670 -0.0777450
0.0000000 0.0701350 -0.0771140
0.0000000 0.0685410 -0.0767980
0.0000000 0.0688600 -0.0774290
0.0000000 0.0714090 -0.0771140
0.0000000 0.0698160 -0.0774290
0.0000000 0.0694970 -0.0771140
0.0000000 0.0694970 -0.0771140
0.0000000 0.0723650 -0.0771140
0.0000000 0.0704530 -0.0771140
0.0000000 0.0698160 -0.0771140
0.0000000 0.0704530 -0.0771140
0.0000000 0.0714090 -0.0771140
0.0000000 0.0726840 -0.0774290
0.0000000 0.0675850 -0.0774290
0.0000000 0.0672670 -0.0771140
0.0000000 0.0758700 -0.0767980
0.0000000 0.0656740 -0.0771140
0.0000000 0.0726840 -0.0767980
0.0000000 0.0688600 -0.0767980
0.0000000 0.0694970 -0.0774290
0.0000000 0.0710900 -0.0771140
0.0000000 0.0675850 -0.0774290
0.0000000 0.0698160 -0.0771140
0.0000000 0.0707720 -0.0767980
0.0000000 0.0701350 -0.0761660
0.0000000 0.0675850 -0.0774290
0.0000000 0.0745960 -0.0774290
0.0000000 0.0739580 -0.0767980
0.0000000 0.0682230 -0.0774290
0.0000000 0.0675850 -0.0771140
0.0000000 0.0704530 -0.0774290
0.0000000 0.0675850 -0.0771140
0.0000000 0.0714090 -0.0774290
0.0000000 0.0685410 -0.0780610
0.0000000 0.0694970 -0.0767980
0.0000000 0.0669480 -0.0771140
0.0000000 0.0688600 -0.0777450
0.0000000 0.0685410 -0.0777450
0.0000000 0.0685410 -0.0774290
0.0000000 0.0682230 -0.0771140
0.0000000 0.0675850 -0.0774290
0.0000000 0.0691790 -0.0774290
0.0000000 0.0669480 -0.0777450
0.0000000 0.0666290 -0.0767980
0.0000000 0.0669480 -0.0774290
0.0000000 0.0663110 -0.0761660
0.0000000 0.0666290 -0.0771140
0.0000000 0.0628060 -0.0771140
0.0000000 0.0631240 -0.0777450
