0.0000000 0.0959450 -0.0809040
0.0000000 0.0953070 -0.0812200
0.0000000 0.0962630 -0.0802720
0.0000000 0.0956260 -0.0809040
0.0000000 0.0956260 -0.0805880
0.0000000 0.0946700 -0.0809040
0.0000000 0.0959450 -0.0809040
0.0000000 0.0946700 -0.0809040
0.0000000 0.0933950 -0.0805880
0.0000000 0.0937140 -0.0812200
0.0000000 0.0937140 -0.0812200
0.0000000 0.0933950 -0.0805880
0.0000000 0.0918020 -0.0809040
0.0000000 0.0930770 -0.0809040
0.0000000 0.0943510 -0.0805880
0.0000000 0.0946700 -0.0815360
0.0000000 0.0981750 -0.0805880
0.0000000 0.0898900 -0.0805880
0.0000000 0.0914840 -0.0818520
0.0000000 0.0953070 -0.0805880
0.0000000 0.0959450 -0.0812200
0.0000000 0.0933950 -0.0815360
0.0000000 0.0895720 -0.0812200
0.0000000 0.0956260 -0.0812200
0.0000000 0.0930770 -0.0812200
0.0000000 0.0943510 -0.0809040
0.0000000 0.0908460 -0.0812200
0.0000000 0.0965820 -0.0812200
0.0000000 0.0933950 -0.0809040
0.0000000 0.0946700 -0.0809040
0.0000000 0.0921210 -0.0812200
0.0000000 0.0921210 -0.0809040
0.0000000 0.0924400 -0.0805880
0.0000000 0.0924400 -0.0818520
0.0000000 0.0933950 -0.0809040
0.0000000 0.0946700 -0.0815360
0.0000000 0.0930770 -0.0815360
0.0000000 0.0956260 -0.0809040
0.0000000 0.0914840 -0.0805880
0.0000000 0.0940330 -0.0809040
0.0000000 0.0911650 -0.0812200
0.0000000 0.0953070 -0.0809040
0.0000000 0.0927580 -0.0815360
0.0000000 0.0927580 -0.0812200
0.0000000 0.0921210 -0.0809040
0.0000000 0.0921210 -0.0809040
0.0000000 0.0940330 -0.0812200
0.0000000 0.0953070 -0.0812200
0.0000000 0.0908460 -0.0815360
0.0000000 0.0914840 -0.0809040
0.0000000 0.0937140 -0.0809040
0.0000000 0.0898900 -0.0818520
0.0000000 0.0921210 -0.0812200
0.0000000 0.0921210 -0.0812200
0.0000000 0.0918020 -0.0812200
0.0000000 0.0918020 -0.0812200
0.0000000 0.0914840 -0.0815360
0.0000000 0.0933950 -0.0815360
0.0000000 0.0927580 -0.0812200
0.0000000 0.0898900 -0.0809040
0.0000000 0.0937140 -0.0809040
0.0000000 0.0940330 -0.0812200
0.0000000 0.0911650 -0.0805880
0.0000000 0.0921210 -0.0812200
0.0000000 0.0933950 -0.0812200
0.0000000 0.0943510 -0.0812200
0.0000000 0.0921210 -0.0809040
0.0000000 0.0930770 -0.0812200
0.0000000 0.0908460 -0.0818520
0.0000000 0.0892530 -0.0809040
0.0000000 0.0918020 -0.0812200
0.0000000 0.0908460 -0.0812200
0.0000000 0.0937140 -0.0812200
0.0000000 0.0933950 -0.0815360
0.0000000 0.0927580 -0.0809040
0.0000000 0.0937140 -0.0812200
0.0000000 0.0911650 -0.0812200
0.0000000 0.0914840 -0.0812200
0.0000000 0.0889340 -0.0815360
0.0000000 0.0918020 -0.0815360
0.0000000 0.0905280 -0.0812200
0.0000000 0.0914840 -0.0815360
0.0000000 0.0943510 -0.0818520
0.0000000 0.0902090 -0.0815360
0.0000000 0.0895720 -0.0809040
0.0000000 0.0895720 -0.0818520
0.0000000 0.0889340 -0.0815360
0.0000000 0.0921210 -0.0812200
0.0000000 0.0921210 -0.0818520
0.0000000 0.0918020 -0.0815360
0.0000000 0.0911650 -0.0812200
0.0000000 0.0924400 -0.0818520
0.0000000 0.0911650 -0.0815360
0.0000000 0.0886160 -0.0812200
0.0000000 0.0956260 -0.0815360
0.0000000 0.0921210 -0.0805880
0.0000000 0.0905280 -0.0818520
0.0000000 0.0898900 -0.0812200
0.0000000 0.0882970 -0.0812200
0.0000000 0.0870230 -0.0818520
0.0000000 0.0892530 -0.0812200
0.0000000 0.0876600 -0.0812200
0.0000000 0.0918020 -0.0815360
0.0000000 0.0854290 -0.0815360
0.0000000 0.0876600 -0.0812200
0.0000000 0.0847920 -0.0818520
0.0000000 0.0857480 -0.0812200
