0.0000000 0.0350840 -0.0673210
0.0000000 0.0395450 -0.0676370
0.0000000 0.0363580 -0.0673210
0.0000000 0.0344460 -0.0679530
0.0000000 0.0376330 -0.0673210
0.0000000 0.0366770 -0.0676370
0.0000000 0.0382700 -0.0676370
0.0000000 0.0369960 -0.0679530
0.0000000 0.0373140 -0.0670050
0.0000000 0.0392260 -0.0676370
0.0000000 0.0382700 -0.0679530
0.0000000 0.0417750 -0.0670050
0.0000000 0.0411380 -0.0676370
0.0000000 0.0405010 -0.0676370
0.0000000 0.0398630 -0.0676370
0.0000000 0.0414570 -0.0679530
0.0000000 0.0414570 -0.0679530
0.0000000 0.0395450 -0.0673210
0.0000000 0.0385890 -0.0673210
0.0000000 0.0395450 -0.0673210
0.0000000 0.0424130 -0.0676370
0.0000000 0.0427310 -0.0670050
0.0000000 0.0389070 -0.0676370
0.0000000 0.0427310 -0.0673210
0.0000000 0.0369960 -0.0676370
0.0000000 0.0430500 -0.0676370
0.0000000 0.0471920 -0.0660580
0.0000000 0.0433680 -0.0673210
0.0000000 0.0401820 -0.0666890
0.0000000 0.0382700 -0.0670050
0.0000000 0.0420940 -0.0673210
0.0000000 0.0433680 -0.0676370
0.0000000 0.0414570 -0.0673210
0.0000000 0.0440060 -0.0670050
0.0000000 0.0427310 -0.0663740
0.0000000 0.0401820 -0.0663740
0.0000000 0.0408190 -0.0663740
0.0000000 0.0398630 -0.0666890
0.0000000 0.0405010 -0.0666890
0.0000000 0.0411380 -0.0670050
0.0000000 0.0414570 -0.0663740
0.0000000 0.0411380 -0.0666890
0.0000000 0.0411380 -0.0673210
0.0000000 0.0424130 -0.0660580
0.0000000 0.0424130 -0.0660580
0.0000000 0.0401820 -0.0663740
0.0000000 0.0417750 -0.0660580
0.0000000 0.0449620 -0.0666890
0.0000000 0.0373140 -0.0660580
0.0000000 0.0389070 -0.0663740
0.0000000 0.0405010 -0.0657420
0.0000000 0.0420940 -0.0663740
0.0000000 0.0420940 -0.0663740
0.0000000 0.0443240 -0.0651100
0.0000000 0.0484670 -0.0660580
0.0000000 0.0433680 -0.0660580
0.0000000 0.0427310 -0.0663740
0.0000000 0.0427310 -0.0663740
0.0000000 0.0411380 -0.0663740
0.0000000 0.0427310 -0.0663740
0.0000000 0.0420940 -0.0660580
0.0000000 0.0420940 -0.0663740
0.0000000 0.0414570 -0.0651100
0.0000000 0.0443240 -0.0654260
0.0000000 0.0408190 -0.0657420
0.0000000 0.0392260 -0.0651100
0.0000000 0.0436870 -0.0654260
0.0000000 0.0436870 -0.0657420
0.0000000 0.0462360 -0.0654260
0.0000000 0.0420940 -0.0647940
0.0000000 0.0471920 -0.0660580
0.0000000 0.0446430 -0.0654260
0.0000000 0.0452800 -0.0651100
0.0000000 0.0449620 -0.0654260
0.0000000 0.0443240 -0.0647940
0.0000000 0.0440060 -0.0657420
0.0000000 0.0455990 -0.0654260
0.0000000 0.0436870 -0.0651100
0.0000000 0.0420940 -0.0657420
0.0000000 0.0449620 -0.0647940
0.0000000 0.0427310 -0.0654260
0.0000000 0.0446430 -0.0647940
0.0000000 0.0449620 -0.0647940
0.0000000 0.0462360 -0.0644780
0.0000000 0.0433680 -0.0651100
0.0000000 0.0446430 -0.0651100
0.0000000 0.0449620 -0.0641620
0.0000000 0.0430500 -0.0654260
0.0000000 0.0462360 -0.0641620
0.0000000 0.0455990 -0.0647940
0.0000000 0.0436870 -0.0644780
0.0000000 0.0468740 -0.0647940
0.0000000 0.0455990 -0.0644780
0.0000000 0.0452800 -0.0654260
0.0000000 0.0427310 -0.0647940
0.0000000 0.0424130 -0.0647940
0.0000000 0.0459180 -0.0651100
0.0000000 0.0452800 -0.0644780
0.0000000 0.0436870 -0.0644780
0.0000000 0.0452800 -0.0644780
0.0000000 0.0449620 -0.0647940
0.0000000 0.0433680 -0.0641620
0.0000000 0.0459180 -0.0647940
0.0000000 0.0414570 -0.0651100
0.0000000 0.0462360 -0.0647940
0.0000000 0.0436870 -0.0638470
0.0000000 0.0452800 -0.0641620
0.0000000 0.0424130 -0.0647940
0.0000000 0.0446430 -0.0641620
0.0000000 0.0449620 -0.0644780
0.0000000 0.0436870 -0.0641620
0.0000000 0.0449620 -0.0641620
0.0000000 0.0455990 -0.0644780
0.0000000 0.0440060 -0.0651100
0.0000000 0.0455990 -0.0641620
0.0000000 0.0440060 -0.0641620
0.0000000 0.0475110 -0.0632150
0.0000000 0.0455990 -0.0641620
0.0000000 0.0440060 -0.0635310
0.0000000 0.0478300 -0.0641620
0.0000000 0.0449620 -0.0641620
0.0000000 0.0446430 -0.0638470
0.0000000 0.0455990 -0.0641620
0.0000000 0.0487850 -0.0638470
0.0000000 0.0462360 -0.0641620
0.0000000 0.0436870 -0.0635310
0.0000000 0.0440060 -0.0635310
0.0000000 0.0443240 -0.0638470
0.0000000 0.0468740 -0.0635310
0.0000000 0.0481480 -0.0638470
0.0000000 0.0446430 -0.0641620
0.0000000 0.0455990 -0.0635310
0.0000000 0.0446430 -0.0641620
0.0000000 0.0440060 -0.0638470
0.0000000 0.0459180 -0.0632150
0.0000000 0.0478300 -0.0638470
0.0000000 0.0478300 -0.0635310
0.0000000 0.0487850 -0.0638470
0.0000000 0.0449620 -0.0641620
0.0000000 0.0481480 -0.0641620
0.0000000 0.0478300 -0.0638470
0.0000000 0.0478300 -0.0638470
0.0000000 0.0478300 -0.0632150
0.0000000 0.0465550 -0.0635310
0.0000000 0.0481480 -0.0635310
0.0000000 0.0462360 -0.0632150
0.0000000 0.0443240 -0.0641620
0.0000000 0.0462360 -0.0641620
0.0000000 0.0443240 -0.0632150
0.0000000 0.0465550 -0.0638470
0.0000000 0.0449620 -0.0635310
0.0000000 0.0449620 -0.0635310
0.0000000 0.0468740 -0.0632150
0.0000000 0.0459180 -0.0632150
0.0000000 0.0462360 -0.0632150
0.0000000 0.0478300 -0.0638470
0.0000000 0.0475110 -0.0641620
0.0000000 0.0487850 -0.0638470
0.0000000 0.0459180 -0.0635310
0.0000000 0.0471920 -0.0635310
0.0000000 0.0465550 -0.0632150
0.0000000 0.0452800 -0.0632150
0.0000000 0.0440060 -0.0635310
0.0000000 0.0462360 -0.0635310
0.0000000 0.0452800 -0.0632150
0.0000000 0.0494230 -0.0632150
0.0000000 0.0440060 -0.0635310
0.0000000 0.0455990 -0.0635310
0.0000000 0.0484670 -0.0632150
0.0000000 0.0452800 -0.0632150
0.0000000 0.0487850 -0.0632150
0.0000000 0.0468740 -0.0632150
0.0000000 0.0471920 -0.0628990
0.0000000 0.0462360 -0.0635310
0.0000000 0.0491040 -0.0638470
0.0000000 0.0452800 -0.0635310
0.0000000 0.0494230 -0.0632150
0.0000000 0.0465550 -0.0632150
0.0000000 0.0487850 -0.0625830
0.0000000 0.0471920 -0.0628990
0.0000000 0.0455990 -0.0638470
0.0000000 0.0465550 -0.0632150
0.0000000 0.0452800 -0.0628990
0.0000000 0.0481480 -0.0628990
0.0000000 0.0465550 -0.0628990
0.0000000 0.0491040 -0.0632150
0.0000000 0.0475110 -0.0622670
0.0000000 0.0478300 -0.0638470
0.0000000 0.0465550 -0.0625830
0.0000000 0.0478300 -0.0632150
0.0000000 0.0459180 -0.0625830
0.0000000 0.0491040 -0.0635310
0.0000000 0.0427310 -0.0628990
0.0000000 0.0465550 -0.0625830
0.0000000 0.0443240 -0.0622670
0.0000000 0.0471920 -0.0622670
0.0000000 0.0491040 -0.0632150
0.0000000 0.0481480 -0.0628990
0.0000000 0.0487850 -0.0635310
0.0000000 0.0443240 -0.0635310
0.0000000 0.0487850 -0.0619510
0.0000000 0.0497410 -0.0628990
0.0000000 0.0503790 -0.0628990
0.0000000 0.0452800 -0.0628990
0.0000000 0.0478300 -0.0632150
0.0000000 0.0465550 -0.0628990
0.0000000 0.0478300 -0.0628990
0.0000000 0.0459180 -0.0635310
0.0000000 0.0475110 -0.0628990
0.0000000 0.0465550 -0.0622670
0.0000000 0.0449620 -0.0632150
0.0000000 0.0436870 -0.0625830
0.0000000 0.0459180 -0.0635310
0.0000000 0.0462360 -0.0635310
0.0000000 0.0510160 -0.0628990
0.0000000 0.0452800 -0.0632150
0.0000000 0.0475110 -0.0625830
0.0000000 0.0484670 -0.0628990
0.0000000 0.0471920 -0.0625830
0.0000000 0.0449620 -0.0632150
0.0000000 0.0449620 -0.0628990
0.0000000 0.0471920 -0.0625830
0.0000000 0.0449620 -0.0638470
0.0000000 0.0459180 -0.0625830
0.0000000 0.0440060 -0.0628990
0.0000000 0.0417750 -0.0628990
0.0000000 0.0471920 -0.0622670
0.0000000 0.0475110 -0.0625830
0.0000000 0.0449620 -0.0628990
0.0000000 0.0436870 -0.0628990
0.0000000 0.0424130 -0.0635310
0.0000000 0.0446430 -0.0632150
