0.0000000 0.0519720 -0.0733230
0.0000000 0.0561140 -0.0730070
0.0000000 0.0487850 -0.0736390
0.0000000 0.0573890 -0.0733230
0.0000000 0.0564330 -0.0730070
0.0000000 0.0526090 -0.0736390
0.0000000 0.0554770 -0.0736390
0.0000000 0.0522910 -0.0742710
0.0000000 0.0577070 -0.0726910
0.0000000 0.0561140 -0.0736390
0.0000000 0.0599380 -0.0733230
0.0000000 0.0602570 -0.0736390
0.0000000 0.0554770 -0.0733230
0.0000000 0.0580260 -0.0736390
0.0000000 0.0542020 -0.0736390
0.0000000 0.0573890 -0.0739550
0.0000000 0.0557960 -0.0733230
0.0000000 0.0557960 -0.0742710
0.0000000 0.0567520 -0.0733230
0.0000000 0.0516530 -0.0736390
0.0000000 0.0554770 -0.0739550
0.0000000 0.0548400 -0.0733230
0.0000000 0.0545210 -0.0736390
0.0000000 0.0573890 -0.0736390
0.0000000 0.0557960 -0.0723750
0.0000000 0.0596190 -0.0733230
0.0000000 0.0577070 -0.0733230
0.0000000 0.0596190 -0.0736390
0.0000000 0.0570700 -0.0739550
0.0000000 0.0573890 -0.0736390
0.0000000 0.0548400 -0.0736390
0.0000000 0.0570700 -0.0736390
0.0000000 0.0593010 -0.0733230
0.0000000 0.0570700 -0.0733230
0.0000000 0.0529280 -0.0736390
0.0000000 0.0593010 -0.0733230
0.0000000 0.0535650 -0.0739550
0.0000000 0.0545210 -0.0742710
0.0000000 0.0647180 -0.0730070
0.0000000 0.0545210 -0.0739550
0.0000000 0.0577070 -0.0733230
0.0000000 0.0557960 -0.0736390
0.0000000 0.0586630 -0.0736390
0.0000000 0.0567520 -0.0733230
0.0000000 0.0516530 -0.0730070
0.0000000 0.0605750 -0.0745860
0.0000000 0.0532460 -0.0726910
0.0000000 0.0545210 -0.0736390
0.0000000 0.0551580 -0.0736390
0.0000000 0.0561140 -0.0730070
0.0000000 0.0573890 -0.0733230
0.0000000 0.0605750 -0.0736390
0.0000000 0.0573890 -0.0739550
0.0000000 0.0589820 -0.0733230
0.0000000 0.0608940 -0.0736390
0.0000000 0.0557960 -0.0733230
0.0000000 0.0567520 -0.0733230
0.0000000 0.0570700 -0.0739550
0.0000000 0.0573890 -0.0733230
0.0000000 0.0586630 -0.0733230
0.0000000 0.0557960 -0.0736390
0.0000000 0.0583450 -0.0730070
0.0000000 0.0561140 -0.0736390
0.0000000 0.0564330 -0.0733230
0.0000000 0.0602570 -0.0736390
0.0000000 0.0596190 -0.0736390
0.0000000 0.0538840 -0.0733230
0.0000000 0.0567520 -0.0739550
0.0000000 0.0602570 -0.0726910
0.0000000 0.0586630 -0.0736390
0.0000000 0.0586630 -0.0733230
0.0000000 0.0567520 -0.0730070
0.0000000 0.0570700 -0.0733230
0.0000000 0.0580260 -0.0733230
0.0000000 0.0577070 -0.0739550
0.0000000 0.0583450 -0.0726910
0.0000000 0.0580260 -0.0726910
0.0000000 0.0583450 -0.0733230
0.0000000 0.0599380 -0.0730070
0.0000000 0.0545210 -0.0736390
0.0000000 0.0567520 -0.0733230
0.0000000 0.0570700 -0.0730070
0.0000000 0.0583450 -0.0739550
0.0000000 0.0599380 -0.0730070
0.0000000 0.0573890 -0.0736390
0.0000000 0.0542020 -0.0730070
0.0000000 0.0596190 -0.0736390
0.0000000 0.0580260 -0.0736390
0.0000000 0.0583450 -0.0736390
0.0000000 0.0593010 -0.0733230
0.0000000 0.0570700 -0.0736390
0.0000000 0.0564330 -0.0733230
0.0000000 0.0615310 -0.0730070
0.0000000 0.0564330 -0.0726910
0.0000000 0.0608940 -0.0736390
0.0000000 0.0567520 -0.0736390
0.0000000 0.0602570 -0.0730070
0.0000000 0.0593010 -0.0733230
0.0000000 0.0535650 -0.0730070
0.0000000 0.0564330 -0.0723750
0.0000000 0.0561140 -0.0730070
0.0000000 0.0596190 -0.0726910
0.0000000 0.0535650 -0.0736390
0.0000000 0.0628060 -0.0733230
0.0000000 0.0570700 -0.0733230
0.0000000 0.0599380 -0.0736390
0.0000000 0.0573890 -0.0726910
0.0000000 0.0564330 -0.0733230
0.0000000 0.0593010 -0.0730070
0.0000000 0.0561140 -0.0733230
0.0000000 0.0593010 -0.0736390
0.0000000 0.0593010 -0.0733230
0.0000000 0.0554770 -0.0739550
0.0000000 0.0589820 -0.0730070
0.0000000 0.0573890 -0.0733230
0.0000000 0.0548400 -0.0730070
0.0000000 0.0580260 -0.0726910
0.0000000 0.0561140 -0.0733230
0.0000000 0.0599380 -0.0736390
0.0000000 0.0605750 -0.0733230
0.0000000 0.0573890 -0.0733230
0.0000000 0.0577070 -0.0730070
0.0000000 0.0577070 -0.0733230
0.0000000 0.0577070 -0.0730070
0.0000000 0.0570700 -0.0736390
0.0000000 0.0593010 -0.0733230
0.0000000 0.0577070 -0.0733230
0.0000000 0.0570700 -0.0733230
0.0000000 0.0634430 -0.0730070
0.0000000 0.0548400 -0.0730070
0.0000000 0.0580260 -0.0733230
0.0000000 0.0593010 -0.0733230
0.0000000 0.0589820 -0.0730070
0.0000000 0.0580260 -0.0730070
0.0000000 0.0580260 -0.0730070
0.0000000 0.0605750 -0.0739550
0.0000000 0.0612130 -0.0726910
0.0000000 0.0602570 -0.0733230
0.0000000 0.0577070 -0.0736390
0.0000000 0.0605750 -0.0726910
0.0000000 0.0618500 -0.0730070
0.0000000 0.0599380 -0.0726910
0.0000000 0.0561140 -0.0736390
0.0000000 0.0586630 -0.0733230
0.0000000 0.0580260 -0.0730070
0.0000000 0.0573890 -0.0736390
0.0000000 0.0573890 -0.0730070
0.0000000 0.0589820 -0.0730070
0.0000000 0.0561140 -0.0733230
0.0000000 0.0589820 -0.0726910
0.0000000 0.0554770 -0.0733230
0.0000000 0.0593010 -0.0733230
0.0000000 0.0577070 -0.0726910
0.0000000 0.0564330 -0.0736390
0.0000000 0.0593010 -0.0723750
0.0000000 0.0602570 -0.0726910
0.0000000 0.0564330 -0.0726910
0.0000000 0.0608940 -0.0726910
0.0000000 0.0561140 -0.0733230
0.0000000 0.0586630 -0.0726910
0.0000000 0.0583450 -0.0733230
0.0000000 0.0573890 -0.0733230
0.0000000 0.0593010 -0.0733230
0.0000000 0.0602570 -0.0733230
0.0000000 0.0599380 -0.0733230
0.0000000 0.0593010 -0.0730070
0.0000000 0.0608940 -0.0736390
0.0000000 0.0573890 -0.0733230
0.0000000 0.0596190 -0.0733230
0.0000000 0.0580260 -0.0739550
0.0000000 0.0564330 -0.0726910
0.0000000 0.0545210 -0.0733230
0.0000000 0.0634430 -0.0730070
0.0000000 0.0618500 -0.0720590
0.0000000 0.0561140 -0.0739550
0.0000000 0.0602570 -0.0733230
0.0000000 0.0593010 -0.0736390
0.0000000 0.0545210 -0.0739550
0.0000000 0.0577070 -0.0723750
0.0000000 0.0557960 -0.0733230
0.0000000 0.0593010 -0.0733230
0.0000000 0.0593010 -0.0730070
0.0000000 0.0577070 -0.0733230
0.0000000 0.0586630 -0.0733230
0.0000000 0.0593010 -0.0736390
0.0000000 0.0599380 -0.0726910
0.0000000 0.0567520 -0.0726910
0.0000000 0.0583450 -0.0723750
0.0000000 0.0577070 -0.0730070
0.0000000 0.0567520 -0.0726910
0.0000000 0.0593010 -0.0739550
0.0000000 0.0596190 -0.0730070
0.0000000 0.0583450 -0.0730070
0.0000000 0.0593010 -0.0726910
0.0000000 0.0545210 -0.0739550
0.0000000 0.0564330 -0.0730070
0.0000000 0.0542020 -0.0723750
0.0000000 0.0596190 -0.0726910
0.0000000 0.0519720 -0.0723750
