0.0000000 0.1341820 -0.0805880
0.0000000 0.1316330 -0.0805880
0.0000000 0.1303580 -0.0805880
0.0000000 0.1290830 -0.0809040
0.0000000 0.1303580 -0.0799560
0.0000000 0.1290830 -0.0809040
0.0000000 0.1278090 -0.0805880
0.0000000 0.1325890 -0.0809040
0.0000000 0.1290830 -0.0812200
0.0000000 0.1332260 -0.0805880
0.0000000 0.1281280 -0.0805880
0.0000000 0.1309950 -0.0805880
0.0000000 0.1284460 -0.0802720
0.0000000 0.1290830 -0.0809040
0.0000000 0.1281280 -0.0812200
0.0000000 0.1300390 -0.0796410
0.0000000 0.1268530 -0.0815360
0.0000000 0.1262160 -0.0809040
0.0000000 0.1287650 -0.0809040
0.0000000 0.1271720 -0.0809040
0.0000000 0.1309950 -0.0812200
0.0000000 0.1271720 -0.0809040
0.0000000 0.1281280 -0.0809040
0.0000000 0.1236670 -0.0809040
0.0000000 0.1255780 -0.0805880
0.0000000 0.1258970 -0.0805880
0.0000000 0.1246220 -0.0812200
0.0000000 0.1262160 -0.0815360
0.0000000 0.1249410 -0.0809040
0.0000000 0.1252600 -0.0802720
0.0000000 0.1255780 -0.0805880
0.0000000 0.1258970 -0.0812200
0.0000000 0.1201610 -0.0812200
0.0000000 0.1274900 -0.0809040
0.0000000 0.1214360 -0.0815360
0.0000000 0.1217550 -0.0809040
0.0000000 0.1265340 -0.0815360
0.0000000 0.1243040 -0.0815360
0.0000000 0.1211170 -0.0812200
0.0000000 0.1249410 -0.0809040
0.0000000 0.1204800 -0.0812200
0.0000000 0.1217550 -0.0809040
0.0000000 0.1195240 -0.0812200
0.0000000 0.1204800 -0.0812200
0.0000000 0.1230290 -0.0812200
0.0000000 0.1201610 -0.0812200
0.0000000 0.1179310 -0.0809040
0.0000000 0.1204800 -0.0812200
0.0000000 0.1195240 -0.0815360
0.0000000 0.1204800 -0.0812200
0.0000000 0.1198430 -0.0805880
0.0000000 0.1195240 -0.0818520
0.0000000 0.1204800 -0.0812200
0.0000000 0.1192060 -0.0812200
0.0000000 0.1207990 -0.0818520
0.0000000 0.1182500 -0.0812200
0.0000000 0.1185680 -0.0809040
0.0000000 0.1182500 -0.0815360
0.0000000 0.1207990 -0.0815360
0.0000000 0.1169750 -0.0818520
0.0000000 0.1198430 -0.0815360
0.0000000 0.1169750 -0.0821680
0.0000000 0.1207990 -0.0815360
0.0000000 0.1166560 -0.0818520
0.0000000 0.1179310 -0.0812200
0.0000000 0.1201610 -0.0815360
0.0000000 0.1198430 -0.0812200
0.0000000 0.1185680 -0.0818520
0.0000000 0.1176120 -0.0821680
0.0000000 0.1169750 -0.0818520
0.0000000 0.1163380 -0.0815360
0.0000000 0.1147450 -0.0815360
0.0000000 0.1163380 -0.0818520
0.0000000 0.1157000 -0.0818520
0.0000000 0.1163380 -0.0815360
0.0000000 0.1166560 -0.0815360
0.0000000 0.1182500 -0.0821680
0.0000000 0.1179310 -0.0815360
0.0000000 0.1121950 -0.0827990
0.0000000 0.1137890 -0.0821680
0.0000000 0.1131510 -0.0821680
0.0000000 0.1185680 -0.0821680
0.0000000 0.1179310 -0.0818520
0.0000000 0.1179310 -0.0821680
0.0000000 0.1172940 -0.0821680
0.0000000 0.1169750 -0.0821680
0.0000000 0.1118770 -0.0824830
0.0000000 0.1131510 -0.0821680
0.0000000 0.1128330 -0.0821680
0.0000000 0.1121950 -0.0818520
0.0000000 0.1137890 -0.0821680
0.0000000 0.1134700 -0.0821680
0.0000000 0.1166560 -0.0827990
0.0000000 0.1115580 -0.0818520
0.0000000 0.1115580 -0.0821680
0.0000000 0.1141070 -0.0818520
0.0000000 0.1112390 -0.0827990
0.0000000 0.1141070 -0.0824830
0.0000000 0.1121950 -0.0821680
0.0000000 0.1112390 -0.0831150
0.0000000 0.1125140 -0.0827990
0.0000000 0.1128330 -0.0827990
0.0000000 0.1131510 -0.0821680
0.0000000 0.1141070 -0.0827990
0.0000000 0.1106020 -0.0827990
0.0000000 0.1115580 -0.0827990
0.0000000 0.1093280 -0.0831150
0.0000000 0.1121950 -0.0831150
0.0000000 0.1112390 -0.0827990
0.0000000 0.1102840 -0.0827990
0.0000000 0.1121950 -0.0818520
0.0000000 0.1112390 -0.0824830
0.0000000 0.1074160 -0.0827990
0.0000000 0.1093280 -0.0831150
0.0000000 0.1131510 -0.0827990
0.0000000 0.1106020 -0.0821680
0.0000000 0.1134700 -0.0824830
0.0000000 0.1090090 -0.0831150
0.0000000 0.1125140 -0.0827990
0.0000000 0.1099650 -0.0827990
0.0000000 0.1099650 -0.0831150
0.0000000 0.1112390 -0.0824830
0.0000000 0.1099650 -0.0834310
0.0000000 0.1090090 -0.0827990
0.0000000 0.1128330 -0.0831150
0.0000000 0.1102840 -0.0824830
0.0000000 0.1086900 -0.0827990
0.0000000 0.1061410 -0.0831150
0.0000000 0.1067780 -0.0831150
0.0000000 0.1080530 -0.0831150
0.0000000 0.1096460 -0.0831150
0.0000000 0.1090090 -0.0837470
0.0000000 0.1099650 -0.0824830
0.0000000 0.1070970 -0.0831150
0.0000000 0.1083720 -0.0824830
0.0000000 0.1067780 -0.0827990
0.0000000 0.1077340 -0.0831150
0.0000000 0.1112390 -0.0831150
0.0000000 0.1090090 -0.0834310
0.0000000 0.1074160 -0.0837470
0.0000000 0.1083720 -0.0837470
0.0000000 0.1083720 -0.0834310
0.0000000 0.1121950 -0.0831150
0.0000000 0.1055040 -0.0827990
0.0000000 0.1137890 -0.0834310
0.0000000 0.1109210 -0.0834310
0.0000000 0.1083720 -0.0837470
0.0000000 0.1096460 -0.0824830
0.0000000 0.1080530 -0.0834310
0.0000000 0.1080530 -0.0834310
0.0000000 0.1099650 -0.0837470
0.0000000 0.1067780 -0.0834310
0.0000000 0.1058230 -0.0837470
0.0000000 0.1077340 -0.0824830
0.0000000 0.1045480 -0.0834310
0.0000000 0.1080530 -0.0831150
0.0000000 0.1051850 -0.0831150
0.0000000 0.1077340 -0.0827990
0.0000000 0.1077340 -0.0827990
0.0000000 0.1083720 -0.0831150
0.0000000 0.1077340 -0.0831150
0.0000000 0.1035920 -0.0840630
0.0000000 0.1067780 -0.0834310
0.0000000 0.1055040 -0.0834310
0.0000000 0.1067780 -0.0837470
0.0000000 0.1051850 -0.0840630
0.0000000 0.1077340 -0.0834310
0.0000000 0.1080530 -0.0827990
0.0000000 0.1058230 -0.0837470
0.0000000 0.1042290 -0.0837470
0.0000000 0.1051850 -0.0834310
0.0000000 0.1083720 -0.0843790
0.0000000 0.1067780 -0.0837470
0.0000000 0.1061410 -0.0831150
0.0000000 0.1058230 -0.0834310
0.0000000 0.1093280 -0.0834310
0.0000000 0.1029550 -0.0834310
0.0000000 0.1045480 -0.0831150
0.0000000 0.1019990 -0.0840630
0.0000000 0.1019990 -0.0831150
0.0000000 0.1058230 -0.0840630
0.0000000 0.0975380 -0.0837470
0.0000000 0.1004060 -0.0837470
0.0000000 0.1010430 -0.0834310
0.0000000 0.0969010 -0.0834310
0.0000000 0.0991310 -0.0834310
0.0000000 0.0953070 -0.0840630
0.0000000 0.0953070 -0.0837470
