0.00000 0.04018 -0.06637 -0.05385 -0.07346 -0.07229 -0.05391
0.00000 0.04146 -0.06606 -0.05257 -0.07346 -0.07165 -0.05359
0.00000 0.04209 -0.06606 -0.05385 -0.07409 -0.07197 -0.05423
0.00000 0.04146 -0.06669 -0.05257 -0.07409 -0.07165 -0.05359
0.00000 0.04177 -0.06574 -0.05257 -0.07377 -0.07133 -0.05296
0.00000 0.04082 -0.06669 -0.05289 -0.07409 -0.07165 -0.05328
0.00000 0.04114 -0.06606 -0.05289 -0.07346 -0.07229 -0.05264
0.00000 0.03891 -0.06574 -0.05226 -0.07409 -0.07101 -0.05264
0.00000 0.04018 -0.06637 -0.05226 -0.07377 -0.07165 -0.05233
0.00000 0.04401 -0.06574 -0.05194 -0.07314 -0.07101 -0.05233
0.00000 0.04305 -0.06637 -0.05289 -0.07377 -0.07133 -0.05264
0.00000 0.04273 -0.06574 -0.05162 -0.07283 -0.07101 -0.05169
0.00000 0.04082 -0.06637 -0.05257 -0.07377 -0.07101 -0.05296
0.00000 0.04974 -0.06606 -0.05226 -0.07346 -0.07133 -0.05201
0.00000 0.04432 -0.06669 -0.05162 -0.07346 -0.07165 -0.05233
0.00000 0.04560 -0.06606 -0.05162 -0.07283 -0.07133 -0.05169
0.00000 0.04528 -0.06606 -0.05194 -0.07346 -0.07197 -0.05233
0.00000 0.04082 -0.06606 -0.05194 -0.07346 -0.07069 -0.05201
0.00000 0.04687 -0.06606 -0.05162 -0.07346 -0.07229 -0.05264
0.00000 0.04146 -0.06479 -0.05066 -0.07283 -0.07038 -0.05138
0.00000 0.04719 -0.06606 -0.05194 -0.07409 -0.07133 -0.05264
0.00000 0.03986 -0.06574 -0.05066 -0.07314 -0.07038 -0.05138
0.00000 0.04496 -0.06574 -0.05066 -0.07346 -0.07165 -0.05233
0.00000 0.04560 -0.06574 -0.05034 -0.07314 -0.06974 -0.05169
0.00000 0.04592 -0.06543 -0.05066 -0.07346 -0.07101 -0.05264
0.00000 0.04432 -0.06543 -0.05034 -0.07346 -0.07006 -0.05106
0.00000 0.04496 -0.06543 -0.05034 -0.07314 -0.07133 -0.05201
0.00000 0.04592 -0.06543 -0.05034 -0.07377 -0.07006 -0.05106
0.00000 0.04528 -0.06511 -0.05066 -0.07314 -0.07038 -0.05169
0.00000 0.04655 -0.06606 -0.04971 -0.07314 -0.07038 -0.05106
0.00000 0.04177 -0.06574 -0.05098 -0.07314 -0.07069 -0.05201
0.00000 0.04783 -0.06511 -0.04907 -0.07251 -0.07038 -0.05169
0.00000 0.04942 -0.06606 -0.05098 -0.07314 -0.07101 -0.05138
0.00000 0.04177 -0.06479 -0.05002 -0.07251 -0.07101 -0.05106
0.00000 0.04719 -0.06543 -0.04971 -0.07314 -0.07101 -0.05074
0.00000 0.04783 -0.06543 -0.05034 -0.07251 -0.07069 -0.05074
0.00000 0.04624 -0.06606 -0.05034 -0.07283 -0.07006 -0.05106
0.00000 0.04719 -0.06574 -0.05034 -0.07314 -0.07069 -0.05138
0.00000 0.04305 -0.06479 -0.05002 -0.07283 -0.07069 -0.05043
0.00000 0.04624 -0.06574 -0.05066 -0.07346 -0.07069 -0.05106
0.00000 0.04719 -0.06479 -0.05002 -0.07219 -0.07038 -0.05043
0.00000 0.04783 -0.06511 -0.04971 -0.07314 -0.07069 -0.05106
0.00000 0.04751 -0.06543 -0.05034 -0.07283 -0.07006 -0.05043
0.00000 0.04751 -0.06543 -0.04939 -0.07283 -0.07006 -0.05074
0.00000 0.04528 -0.06479 -0.04875 -0.07219 -0.06878 -0.05011
0.00000 0.04464 -0.06448 -0.05034 -0.07346 -0.07069 -0.05138
0.00000 0.04719 -0.06448 -0.04875 -0.07188 -0.06942 -0.04947
0.00000 0.05006 -0.06479 -0.04939 -0.07251 -0.07069 -0.05011
0.00000 0.04401 -0.06448 -0.04907 -0.07219 -0.06942 -0.05011
0.00000 0.04783 -0.06511 -0.04875 -0.07251 -0.07006 -0.05011
0.00000 0.04337 -0.06511 -0.04939 -0.07283 -0.07038 -0.05011
0.00000 0.04655 -0.06479 -0.04907 -0.07219 -0.06942 -0.04947
0.00000 0.04815 -0.06448 -0.04843 -0.07219 -0.07006 -0.05011
0.00000 0.04910 -0.06479 -0.04907 -0.07283 -0.06974 -0.04947
0.00000 0.05038 -0.06479 -0.04907 -0.07219 -0.07006 -0.04916
0.00000 0.04847 -0.06479 -0.04939 -0.07219 -0.06974 -0.04916
0.00000 0.04879 -0.06448 -0.04811 -0.07219 -0.06974 -0.05011
0.00000 0.04592 -0.06416 -0.04939 -0.07219 -0.06974 -0.04979
0.00000 0.04496 -0.06448 -0.04907 -0.07188 -0.06974 -0.04884
0.00000 0.04719 -0.06543 -0.04811 -0.07188 -0.06942 -0.04947
0.00000 0.04369 -0.06385 -0.04843 -0.07219 -0.07006 -0.04979
0.00000 0.05006 -0.06385 -0.04811 -0.07093 -0.06846 -0.04916
0.00000 0.05006 -0.06448 -0.04907 -0.07188 -0.06974 -0.05011
0.00000 0.05070 -0.06353 -0.04843 -0.07125 -0.06910 -0.04852
0.00000 0.04783 -0.06321 -0.04747 -0.07188 -0.06974 -0.05011
0.00000 0.04910 -0.06385 -0.04843 -0.07188 -0.06846 -0.04947
0.00000 0.04879 -0.06416 -0.04779 -0.07188 -0.07006 -0.04979
0.00000 0.04528 -0.06416 -0.04843 -0.07188 -0.06910 -0.04884
0.00000 0.04879 -0.06385 -0.04779 -0.07156 -0.06974 -0.04916
0.00000 0.04847 -0.06416 -0.04747 -0.07125 -0.06942 -0.04916
0.00000 0.04719 -0.06385 -0.04779 -0.07125 -0.07006 -0.04947
0.00000 0.05102 -0.06353 -0.04747 -0.07093 -0.06942 -0.04852
0.00000 0.04942 -0.06353 -0.04843 -0.07093 -0.06910 -0.04821
0.00000 0.04560 -0.06385 -0.04843 -0.07156 -0.07038 -0.04916
0.00000 0.05038 -0.06385 -0.04716 -0.07093 -0.06942 -0.04789
0.00000 0.04910 -0.06385 -0.04843 -0.07061 -0.06942 -0.04852
0.00000 0.04592 -0.06385 -0.04716 -0.07093 -0.06974 -0.04852
0.00000 0.04910 -0.06321 -0.04843 -0.07061 -0.06942 -0.04884
0.00000 0.04815 -0.06385 -0.04811 -0.07156 -0.06942 -0.04821
0.00000 0.04719 -0.06353 -0.04779 -0.07125 -0.06942 -0.04884
0.00000 0.04432 -0.06448 -0.04811 -0.07125 -0.06910 -0.04884
0.00000 0.04655 -0.06385 -0.04716 -0.07125 -0.06910 -0.04916
0.00000 0.04687 -0.06385 -0.04779 -0.07156 -0.06910 -0.04821
0.00000 0.05070 -0.06385 -0.04779 -0.07093 -0.06910 -0.04852
0.00000 0.04655 -0.06385 -0.04747 -0.07125 -0.06846 -0.04789
0.00000 0.04687 -0.06353 -0.04747 -0.07061 -0.06974 -0.04852
0.00000 0.04751 -0.06385 -0.04779 -0.07125 -0.06878 -0.04789
0.00000 0.04687 -0.06353 -0.04747 -0.07125 -0.06942 -0.04884
0.00000 0.04783 -0.06321 -0.04716 -0.07093 -0.06910 -0.04852
0.00000 0.04942 -0.06321 -0.04716 -0.07093 -0.06910 -0.04789
0.00000 0.04847 -0.06353 -0.04843 -0.07030 -0.06910 -0.04852
0.00000 0.05006 -0.06321 -0.04684 -0.07061 -0.06910 -0.04757
0.00000 0.04942 -0.06321 -0.04716 -0.07093 -0.06974 -0.04821
0.00000 0.04464 -0.06321 -0.04652 -0.07030 -0.06878 -0.04726
0.00000 0.04879 -0.06290 -0.04684 -0.07061 -0.06942 -0.04789
0.00000 0.04879 -0.06353 -0.04811 -0.07093 -0.06878 -0.04821
0.00000 0.04879 -0.06321 -0.04620 -0.07061 -0.06942 -0.04821
0.00000 0.04847 -0.06353 -0.04684 -0.07030 -0.06751 -0.04821
0.00000 0.04815 -0.06353 -0.04716 -0.07156 -0.06910 -0.04884
0.00000 0.04910 -0.06290 -0.04652 -0.06998 -0.06846 -0.04726
0.00000 0.04719 -0.06353 -0.04779 -0.07156 -0.06942 -0.04947
0.00000 0.04719 -0.06321 -0.04684 -0.07030 -0.06783 -0.04789
0.00000 0.04974 -0.06321 -0.04684 -0.07093 -0.06942 -0.04852
0.00000 0.04751 -0.06321 -0.04652 -0.07093 -0.06814 -0.04789
0.00000 0.04751 -0.06290 -0.04620 -0.07156 -0.06910 -0.04852
0.00000 0.04847 -0.06290 -0.04652 -0.07093 -0.06846 -0.04821
0.00000 0.04910 -0.06258 -0.04652 -0.07125 -0.06910 -0.04789
0.00000 0.04974 -0.06321 -0.04684 -0.07125 -0.06910 -0.04884
0.00000 0.05197 -0.06290 -0.04716 -0.07093 -0.06878 -0.04821
0.00000 0.05038 -0.06290 -0.04620 -0.07156 -0.06878 -0.04789
0.00000 0.05133 -0.06353 -0.04716 -0.07125 -0.06878 -0.04789
0.00000 0.04910 -0.06290 -0.04652 -0.07030 -0.06910 -0.04789
0.00000 0.05038 -0.06321 -0.04684 -0.07093 -0.06878 -0.04757
0.00000 0.05293 -0.06227 -0.04620 -0.07030 -0.06878 -0.04726
0.00000 0.04592 -0.06258 -0.04588 -0.07156 -0.06846 -0.04757
0.00000 0.05165 -0.06195 -0.04684 -0.07061 -0.06878 -0.04757
0.00000 0.05261 -0.06290 -0.04652 -0.07093 -0.06878 -0.04694
0.00000 0.05006 -0.06258 -0.04620 -0.07061 -0.06878 -0.04757
0.00000 0.04910 -0.06353 -0.04684 -0.07061 -0.06814 -0.04726
0.00000 0.05325 -0.06290 -0.04620 -0.07061 -0.06910 -0.04821
0.00000 0.04655 -0.06258 -0.04620 -0.07093 -0.06783 -0.04694
0.00000 0.04751 -0.06258 -0.04652 -0.07061 -0.06942 -0.04789
0.00000 0.04847 -0.06227 -0.04652 -0.07093 -0.06783 -0.04694
0.00000 0.04910 -0.06258 -0.04684 -0.07093 -0.06910 -0.04757
0.00000 0.05006 -0.06258 -0.04524 -0.07061 -0.06783 -0.04631
0.00000 0.04879 -0.06321 -0.04684 -0.07093 -0.06878 -0.04789
0.00000 0.05261 -0.06258 -0.04556 -0.07093 -0.06783 -0.04757
0.00000 0.05102 -0.06227 -0.04620 -0.07061 -0.06814 -0.04789
0.00000 0.04815 -0.06290 -0.04588 -0.07093 -0.06814 -0.04757
0.00000 0.04942 -0.06164 -0.04652 -0.07030 -0.06783 -0.04694
0.00000 0.04910 -0.06290 -0.04652 -0.07125 -0.06814 -0.04821
0.00000 0.05102 -0.06195 -0.04556 -0.07030 -0.06751 -0.04694
0.00000 0.04655 -0.06321 -0.04716 -0.07093 -0.06878 -0.04789
0.00000 0.05006 -0.06258 -0.04652 -0.07061 -0.06814 -0.04726
0.00000 0.04815 -0.06227 -0.04588 -0.07030 -0.06878 -0.04726
0.00000 0.05038 -0.06227 -0.04716 -0.07061 -0.06846 -0.04694
0.00000 0.05388 -0.06195 -0.04620 -0.07030 -0.06878 -0.04757
0.00000 0.05102 -0.06195 -0.04652 -0.07030 -0.06751 -0.04694
0.00000 0.04942 -0.06227 -0.04620 -0.06966 -0.06814 -0.04789
0.00000 0.04783 -0.06227 -0.04652 -0.07061 -0.06751 -0.04662
0.00000 0.04974 -0.06227 -0.04620 -0.07061 -0.06878 -0.04789
0.00000 0.05133 -0.06258 -0.04556 -0.07030 -0.06783 -0.04694
0.00000 0.05325 -0.06258 -0.04620 -0.07030 -0.06878 -0.04757
0.00000 0.04783 -0.06258 -0.04652 -0.07030 -0.06783 -0.04757
0.00000 0.04815 -0.06164 -0.04556 -0.07061 -0.06814 -0.04726
0.00000 0.04655 -0.06258 -0.04652 -0.07030 -0.06814 -0.04757
0.00000 0.05102 -0.06258 -0.04556 -0.07061 -0.06846 -0.04726
0.00000 0.04910 -0.06258 -0.04620 -0.07093 -0.06910 -0.04789
0.00000 0.05006 -0.06227 -0.04556 -0.07030 -0.06846 -0.04694
0.00000 0.05229 -0.06227 -0.04524 -0.07093 -0.06783 -0.04726
0.00000 0.04751 -0.06164 -0.04620 -0.07061 -0.06814 -0.04726
0.00000 0.04879 -0.06195 -0.04460 -0.07030 -0.06783 -0.04694
0.00000 0.05293 -0.06258 -0.04684 -0.07061 -0.06783 -0.04631
0.00000 0.04942 -0.06258 -0.04588 -0.07061 -0.06846 -0.04726
0.00000 0.05197 -0.06195 -0.04620 -0.06998 -0.06783 -0.04694
0.00000 0.04719 -0.06227 -0.04588 -0.07061 -0.06846 -0.04726
0.00000 0.05229 -0.06164 -0.04556 -0.07030 -0.06783 -0.04694
0.00000 0.05006 -0.06195 -0.04620 -0.07030 -0.06846 -0.04757
0.00000 0.05006 -0.06195 -0.04588 -0.06966 -0.06783 -0.04662
0.00000 0.05293 -0.06195 -0.04460 -0.07030 -0.06846 -0.04726
0.00000 0.05006 -0.06227 -0.04588 -0.07030 -0.06783 -0.04726
0.00000 0.04879 -0.06227 -0.04588 -0.07156 -0.06846 -0.04694
0.00000 0.05006 -0.06195 -0.04588 -0.07030 -0.06814 -0.04694
0.00000 0.05197 -0.06195 -0.04492 -0.07061 -0.06846 -0.04694
0.00000 0.05133 -0.06195 -0.04524 -0.07061 -0.06814 -0.04694
0.00000 0.04910 -0.06195 -0.04588 -0.07093 -0.06846 -0.04789
0.00000 0.05452 -0.06164 -0.04524 -0.07061 -0.06783 -0.04662
0.00000 0.04432 -0.06258 -0.04588 -0.07093 -0.06846 -0.04789
0.00000 0.05452 -0.06164 -0.04556 -0.07030 -0.06751 -0.04694
0.00000 0.04910 -0.06195 -0.04588 -0.07125 -0.06878 -0.04789
0.00000 0.05133 -0.06195 -0.04588 -0.07061 -0.06783 -0.04694
0.00000 0.05261 -0.06164 -0.04524 -0.06998 -0.06783 -0.04726
0.00000 0.05197 -0.06195 -0.04588 -0.07093 -0.06783 -0.04694
0.00000 0.05102 -0.06195 -0.04492 -0.07156 -0.06878 -0.04726
0.00000 0.05197 -0.06227 -0.04492 -0.07093 -0.06751 -0.04631
0.00000 0.04942 -0.06195 -0.04588 -0.07061 -0.06846 -0.04757
0.00000 0.04879 -0.06195 -0.04492 -0.07030 -0.06814 -0.04599
0.00000 0.05006 -0.06195 -0.04588 -0.07061 -0.06846 -0.04726
0.00000 0.04942 -0.06195 -0.04556 -0.07061 -0.06751 -0.04726
0.00000 0.05165 -0.06132 -0.04460 -0.06998 -0.06846 -0.04726
0.00000 0.05197 -0.06195 -0.04588 -0.06966 -0.06783 -0.04726
0.00000 0.05102 -0.06164 -0.04524 -0.06998 -0.06814 -0.04662
0.00000 0.05420 -0.06227 -0.04620 -0.07125 -0.06878 -0.04726
0.00000 0.04879 -0.06164 -0.04588 -0.07030 -0.06814 -0.04662
0.00000 0.05548 -0.06227 -0.04460 -0.07061 -0.06846 -0.04694
0.00000 0.05133 -0.06195 -0.04556 -0.06998 -0.06783 -0.04694
0.00000 0.04910 -0.06195 -0.04524 -0.07030 -0.06846 -0.04694
0.00000 0.05038 -0.06132 -0.04556 -0.07061 -0.06814 -0.04757
0.00000 0.05133 -0.06227 -0.04492 -0.07061 -0.06878 -0.04757
0.00000 0.05038 -0.06164 -0.04524 -0.07061 -0.06751 -0.04631
0.00000 0.05357 -0.06227 -0.04620 -0.07093 -0.06846 -0.04789
0.00000 0.05102 -0.06164 -0.04460 -0.07093 -0.06751 -0.04694
0.00000 0.05102 -0.06164 -0.04588 -0.07093 -0.06878 -0.04789
0.00000 0.05006 -0.06195 -0.04492 -0.07093 -0.06719 -0.04694
0.00000 0.04942 -0.06195 -0.04492 -0.07125 -0.06846 -0.04726
0.00000 0.04655 -0.06164 -0.04588 -0.07030 -0.06751 -0.04662
0.00000 0.05006 -0.06195 -0.04556 -0.07125 -0.06846 -0.04757
0.00000 0.05070 -0.06195 -0.04460 -0.07030 -0.06719 -0.04599
0.00000 0.05357 -0.06195 -0.04620 -0.07093 -0.06846 -0.04726
0.00000 0.05102 -0.06164 -0.04429 -0.07030 -0.06783 -0.04694
0.00000 0.04942 -0.06195 -0.04588 -0.07093 -0.06878 -0.04694
0.00000 0.05229 -0.06132 -0.04492 -0.06966 -0.06814 -0.04726
0.00000 0.05102 -0.06258 -0.04588 -0.07061 -0.06783 -0.04662
0.00000 0.04847 -0.06164 -0.04556 -0.06998 -0.06751 -0.04694
0.00000 0.04942 -0.06258 -0.04524 -0.07061 -0.06783 -0.04662
0.00000 0.05038 -0.06164 -0.04492 -0.06998 -0.06814 -0.04694
0.00000 0.05229 -0.06195 -0.04556 -0.07061 -0.06783 -0.04631
0.00000 0.05102 -0.06132 -0.04588 -0.06935 -0.06846 -0.04599
0.00000 0.05006 -0.06164 -0.04588 -0.06966 -0.06783 -0.04599
0.00000 0.05038 -0.06164 -0.04492 -0.06903 -0.06846 -0.04694
0.00000 0.05006 -0.06132 -0.04588 -0.06966 -0.06783 -0.04567
0.00000 0.04783 -0.06195 -0.04588 -0.06935 -0.06878 -0.04726
0.00000 0.04847 -0.06258 -0.04620 -0.06998 -0.06783 -0.04599
0.00000 0.04815 -0.06132 -0.04556 -0.06935 -0.06814 -0.04726
0.00000 0.04910 -0.06164 -0.04556 -0.06966 -0.06751 -0.04567
0.00000 0.04974 -0.06132 -0.04588 -0.06935 -0.06942 -0.04726
0.00000 0.05229 -0.06195 -0.04524 -0.06935 -0.06719 -0.04536
0.00000 0.04687 -0.06195 -0.04620 -0.06903 -0.06910 -0.04694
0.00000 0.04879 -0.06164 -0.04588 -0.06935 -0.06687 -0.04631
0.00000 0.05293 -0.06164 -0.04460 -0.06903 -0.06846 -0.04631
0.00000 0.04592 -0.06195 -0.04620 -0.06935 -0.06814 -0.04631
0.00000 0.05197 -0.06164 -0.04524 -0.06903 -0.06846 -0.04599
0.00000 0.05197 -0.06132 -0.04620 -0.06903 -0.06846 -0.04631
0.00000 0.04910 -0.06132 -0.04620 -0.06903 -0.06814 -0.04631
0.00000 0.05133 -0.06195 -0.04588 -0.06935 -0.06878 -0.04599
0.00000 0.05133 -0.06195 -0.04556 -0.06903 -0.06814 -0.04567
0.00000 0.04847 -0.06100 -0.04524 -0.06966 -0.06783 -0.04599
0.00000 0.04847 -0.06195 -0.04588 -0.06903 -0.06751 -0.04662
0.00000 0.04974 -0.06100 -0.04588 -0.06998 -0.06814 -0.04662
0.00000 0.05261 -0.06132 -0.04429 -0.06903 -0.06751 -0.04567
0.00000 0.04942 -0.06164 -0.04620 -0.06935 -0.06878 -0.04694
0.00000 0.05165 -0.06164 -0.04524 -0.06903 -0.06751 -0.04631
0.00000 0.05261 -0.06195 -0.04588 -0.07030 -0.06910 -0.04757
0.00000 0.04783 -0.06164 -0.04556 -0.06966 -0.06751 -0.04694
0.00000 0.05038 -0.06100 -0.04524 -0.06935 -0.06814 -0.04757
0.00000 0.04879 -0.06164 -0.04620 -0.07030 -0.06814 -0.04694
0.00000 0.05070 -0.06195 -0.04524 -0.07061 -0.06878 -0.04757
0.00000 0.04783 -0.06164 -0.04588 -0.06966 -0.06846 -0.04726
0.00000 0.05357 -0.06195 -0.04620 -0.07030 -0.06846 -0.04757
0.00000 0.04847 -0.06164 -0.04588 -0.06966 -0.06846 -0.04726
0.00000 0.04655 -0.06164 -0.04684 -0.07030 -0.06878 -0.04726
0.00000 0.04974 -0.06164 -0.04492 -0.06998 -0.06910 -0.04789
0.00000 0.04528 -0.06258 -0.04620 -0.07093 -0.06814 -0.04757
0.00000 0.05133 -0.06195 -0.04524 -0.07030 -0.06910 -0.04789
0.00000 0.04783 -0.06195 -0.04556 -0.06998 -0.06846 -0.04757
0.00000 0.04687 -0.06195 -0.04620 -0.07030 -0.06942 -0.04852
0.00000 0.05006 -0.06195 -0.04556 -0.07061 -0.06846 -0.04757
0.00000 0.04560 -0.06227 -0.04652 -0.06966 -0.06974 -0.04884
0.00000 0.04496 -0.06227 -0.04620 -0.07030 -0.06878 -0.04757
0.00000 0.04751 -0.06195 -0.04652 -0.07061 -0.07006 -0.04852
0.00000 0.04560 -0.06164 -0.04620 -0.07093 -0.06846 -0.04821
0.00000 0.04879 -0.06227 -0.04620 -0.07093 -0.06974 -0.04916
0.00000 0.04464 -0.06195 -0.04684 -0.07125 -0.06878 -0.04852
0.00000 0.04783 -0.06258 -0.04652 -0.07156 -0.06974 -0.04916
0.00000 0.04369 -0.06258 -0.04620 -0.07125 -0.06878 -0.04916
0.00000 0.04655 -0.06290 -0.04716 -0.07188 -0.06974 -0.04884
0.00000 0.04432 -0.06195 -0.04652 -0.07093 -0.06974 -0.04979
0.00000 0.04114 -0.06353 -0.04811 -0.07219 -0.07006 -0.04947
0.00000 0.04528 -0.06290 -0.04684 -0.07156 -0.07006 -0.05043
0.00000 0.04369 -0.06290 -0.04747 -0.07219 -0.06974 -0.05011
0.00000 0.04496 -0.06290 -0.04811 -0.07156 -0.07006 -0.05011
0.00000 0.04560 -0.06290 -0.04779 -0.07219 -0.06974 -0.05043
0.00000 0.04432 -0.06290 -0.04779 -0.07251 -0.07038 -0.05138
0.00000 0.04432 -0.06353 -0.04779 -0.07251 -0.07038 -0.05074
0.00000 0.04305 -0.06321 -0.04811 -0.07251 -0.07038 -0.05074
0.00000 0.04496 -0.06385 -0.04939 -0.07219 -0.07038 -0.05106
0.00000 0.04369 -0.06321 -0.04811 -0.07219 -0.07101 -0.05138
0.00000 0.04146 -0.06385 -0.04939 -0.07251 -0.07069 -0.05074
0.00000 0.04369 -0.06290 -0.04843 -0.07219 -0.07133 -0.05233
0.00000 0.04273 -0.06448 -0.04907 -0.07283 -0.07038 -0.05138
0.00000 0.03954 -0.06353 -0.04907 -0.07188 -0.07133 -0.05264
0.00000 0.04018 -0.06416 -0.04907 -0.07219 -0.07101 -0.05138
0.00000 0.04082 -0.06448 -0.04971 -0.07314 -0.07229 -0.05296
0.00000 0.04146 -0.06448 -0.04971 -0.07283 -0.07133 -0.05201
0.00000 0.04146 -0.06416 -0.04939 -0.07283 -0.07229 -0.05264
0.00000 0.03954 -0.06479 -0.05066 -0.07314 -0.07165 -0.05296
0.00000 0.03859 -0.06416 -0.04971 -0.07283 -0.07229 -0.05423
0.00000 0.03827 -0.06479 -0.05066 -0.07377 -0.07165 -0.05391
0.00000 0.03572 -0.06479 -0.05098 -0.07346 -0.07229 -0.05423
0.00000 0.03827 -0.06416 -0.05034 -0.07314 -0.07229 -0.05391
0.00000 0.04050 -0.06574 -0.05098 -0.07409 -0.07229 -0.05391
0.00000 0.03827 -0.06574 -0.05130 -0.07409 -0.07325 -0.05486
0.00000 0.03636 -0.06543 -0.05162 -0.07409 -0.07293 -0.05486
0.00000 0.03763 -0.06574 -0.05130 -0.07377 -0.07229 -0.05486
0.00000 0.03891 -0.06543 -0.05130 -0.07409 -0.07293 -0.05518
0.00000 0.03476 -0.06606 -0.05321 -0.07504 -0.07325 -0.05518
0.00000 0.03668 -0.06574 -0.05226 -0.07409 -0.07293 -0.05550
0.00000 0.03700 -0.06574 -0.05194 -0.07472 -0.07325 -0.05581
0.00000 0.03827 -0.06574 -0.05257 -0.07472 -0.07293 -0.05550
0.00000 0.03572 -0.06637 -0.05321 -0.07409 -0.07325 -0.05581
0.00000 0.03508 -0.06637 -0.05353 -0.07472 -0.07293 -0.05581
0.00000 0.03668 -0.06700 -0.05257 -0.07409 -0.07452 -0.05581
0.00000 0.03190 -0.06700 -0.05449 -0.07504 -0.07325 -0.05550
0.00000 0.03062 -0.06732 -0.05417 -0.07536 -0.07452 -0.05645
0.00000 0.03668 -0.06669 -0.05385 -0.07441 -0.07325 -0.05613
0.00000 0.03445 -0.06732 -0.05481 -0.07567 -0.07548 -0.05740
0.00000 0.03349 -0.06732 -0.05449 -0.07472 -0.07420 -0.05708
0.00000 0.03508 -0.06732 -0.05481 -0.07504 -0.07452 -0.05645
0.00000 0.03094 -0.06764 -0.05449 -0.07536 -0.07452 -0.05771
0.00000 0.03285 -0.06795 -0.05417 -0.07536 -0.07452 -0.05740
0.00000 0.03254 -0.06764 -0.05544 -0.07536 -0.07452 -0.05803
0.00000 0.03030 -0.06858 -0.05481 -0.07630 -0.07516 -0.05803
0.00000 0.02967 -0.06764 -0.05513 -0.07599 -0.07516 -0.05866
0.00000 0.03254 -0.06827 -0.05608 -0.07662 -0.07484 -0.05835
0.00000 0.03222 -0.06827 -0.05608 -0.07599 -0.07516 -0.05898
0.00000 0.02967 -0.06858 -0.05672 -0.07662 -0.07516 -0.05866
0.00000 0.03094 -0.06858 -0.05608 -0.07599 -0.07548 -0.05898
0.00000 0.02807 -0.06890 -0.05704 -0.07662 -0.07548 -0.05898
0.00000 0.03381 -0.06953 -0.05672 -0.07630 -0.07612 -0.05961
0.00000 0.03094 -0.06922 -0.05672 -0.07694 -0.07516 -0.05898
0.00000 0.03062 -0.06953 -0.05704 -0.07630 -0.07643 -0.06025
0.00000 0.02775 -0.06953 -0.05704 -0.07630 -0.07580 -0.05930
0.00000 0.02744 -0.06985 -0.05831 -0.07662 -0.07643 -0.06088
0.00000 0.02807 -0.07016 -0.05799 -0.07694 -0.07643 -0.06025
0.00000 0.02616 -0.06922 -0.05736 -0.07662 -0.07675 -0.06088
0.00000 0.02744 -0.07016 -0.05863 -0.07694 -0.07580 -0.06088
0.00000 0.03317 -0.07016 -0.05831 -0.07662 -0.07739 -0.06120
0.00000 0.02457 -0.07080 -0.05863 -0.07789 -0.07548 -0.06088
0.00000 0.02807 -0.07016 -0.05799 -0.07694 -0.07739 -0.06215
0.00000 0.02712 -0.07048 -0.05959 -0.07757 -0.07580 -0.06088
0.00000 0.02744 -0.07080 -0.05895 -0.07789 -0.07707 -0.06246
0.00000 0.02744 -0.07016 -0.05927 -0.07757 -0.07612 -0.06151
0.00000 0.02680 -0.07111 -0.05959 -0.07820 -0.07835 -0.06310
0.00000 0.02297 -0.07080 -0.05959 -0.07789 -0.07675 -0.06183
0.00000 0.02552 -0.07143 -0.05959 -0.07789 -0.07835 -0.06310
0.00000 0.02775 -0.07143 -0.06023 -0.07852 -0.07739 -0.06310
0.00000 0.02584 -0.07143 -0.05991 -0.07789 -0.07707 -0.06278
0.00000 0.02297 -0.07206 -0.06086 -0.07820 -0.07739 -0.06341
0.00000 0.02329 -0.07237 -0.06055 -0.07757 -0.07835 -0.06373
